              precision    recall  f1-score   support

           0     0.7455    0.7193    0.7321        57
           1     0.7544    0.5811    0.6565        74
           2     0.7229    0.7229    0.7229        83
           3     0.7123    0.7429    0.7273        70
           4     0.8000    0.8571    0.8276        56
           5     0.6782    0.7763    0.7239        76
           6     0.7059    0.6154    0.6575        78
           7     0.7260    0.6974    0.7114        76
           8     0.6771    0.6701    0.6736        97
           9     0.5963    0.7558    0.6667        86
           A     0.9355    0.6444    0.7632       135
           B     0.5652    0.3333    0.4194        39
           C     0.6364    0.4516    0.5283        31
           D     0.1250    0.0952    0.1081        21
           E     0.0667    0.1111    0.0833         9
           F     0.2857    0.2353    0.2581        17
           G     0.2500    0.3077    0.2759        13
           H     0.1875    0.3750    0.2500         8
           I     0.0000    0.0000    0.0000         0
           J     0.1538    0.5000    0.2353         8
           K     0.1951    0.3478    0.2500        23
           L     0.0526    0.0588    0.0556        17
           M     0.2353    0.3077    0.2667        13
           N     0.1111    0.0833    0.0952        12
           O     0.0000    0.0000    0.0000         5
           P     0.0769    0.0526    0.0625        19
           Q     0.9337    0.8807    0.9064       176
           R     0.2069    0.2727    0.2353        22
           S     0.3000    0.5217    0.3810        23
           T     0.2353    0.2500    0.2424        16
           U     0.1250    0.2000    0.1538         5
           V     0.5000    0.2500    0.3333         8
           W     0.2222    0.2222    0.2222         9
           X     0.0000    0.0000    0.0000         5
           Y     0.0714    0.1667    0.1000         6
           Z     0.0000    0.0000    0.0000         0

    accuracy                         0.6202      1393
   macro avg     0.3775    0.3835    0.3702      1393
weighted avg     0.6545    0.6202    0.6297      1393
