              precision    recall  f1-score   support

           0     0.1111    0.0161    0.0282        62
           1     0.1667    0.0506    0.0777        79
           2     0.2174    0.0581    0.0917        86
           3     0.1538    0.0571    0.0833        70
           4     0.2222    0.0678    0.1039        59
           5     0.2051    0.1039    0.1379        77
           6     0.1429    0.0494    0.0734        81
           7     0.2162    0.1039    0.1404        77
           8     0.1471    0.0505    0.0752        99
           9     0.1538    0.0659    0.0923        91
           A     0.5431    0.4599    0.4980       137
           B     0.1905    0.2000    0.1951        40
           C     0.4615    0.3871    0.4211        31
           D     0.0000    0.0000    0.0000        22
           E     0.0714    0.1111    0.0870         9
           F     0.0000    0.0000    0.0000        17
           G     0.0000    0.0000    0.0000        13
           H     0.0000    0.0000    0.0000         9
           I     0.0000    0.0000    0.0000         0
           J     0.0000    0.0000    0.0000         8
           K     0.2759    0.3478    0.3077        23
           L     0.3636    0.2222    0.2759        18
           M     0.1176    0.1538    0.1333        13
           N     0.0000    0.0000    0.0000        12
           O     0.0000    0.0000    0.0000         5
           P     0.1333    0.1053    0.1176        19
           Q     0.9487    0.8362    0.8889       177
           R     0.1667    0.0455    0.0714        22
           S     0.3684    0.3043    0.3333        23
           T     0.1852    0.3125    0.2326        16
           U     0.0000    0.0000    0.0000         5
           V     0.0000    0.0000    0.0000         9
           W     0.0714    0.1000    0.0833        10
           X     0.0000    0.0000    0.0000         7
           Y     0.0000    0.0000    0.0000         6
           Z     0.0000    0.0000    0.0000         0

   micro avg     0.3663    0.2172    0.2727      1432
   macro avg     0.1565    0.1169    0.1264      1432
weighted avg     0.3023    0.2172    0.2430      1432
