              precision    recall  f1-score   support

           0     0.1111    0.0161    0.0282        62
           1     0.1200    0.0380    0.0577        79
           2     0.1471    0.0588    0.0840        85
           3     0.0286    0.0143    0.0190        70
           4     0.1250    0.0339    0.0533        59
           5     0.1364    0.0779    0.0992        77
           6     0.0500    0.0123    0.0198        81
           7     0.1667    0.0779    0.1062        77
           8     0.1667    0.0505    0.0775        99
           9     0.0889    0.0440    0.0588        91
           A     0.4812    0.4672    0.4741       137
           B     0.0000    0.0000    0.0000        40
           C     0.4000    0.2581    0.3137        31
           D     0.1250    0.0909    0.1053        22
           E     0.0000    0.0000    0.0000         9
           F     0.0000    0.0000    0.0000        17
           G     0.0000    0.0000    0.0000        13
           H     0.0000    0.0000    0.0000         9
           I     0.0000    0.0000    0.0000         0
           J     0.0000    0.0000    0.0000         8
           K     0.0833    0.0870    0.0851        23
           L     0.0000    0.0000    0.0000        18
           M     0.0000    0.0000    0.0000        13
           N     0.0000    0.0000    0.0000        12
           O     0.0000    0.0000    0.0000         5
           P     0.0000    0.0000    0.0000        19
           Q     0.9329    0.8644    0.8974       177
           R     0.0000    0.0000    0.0000        22
           S     0.0847    0.2174    0.1220        23
           T     0.1250    0.1250    0.1250        16
           U     0.0000    0.0000    0.0000         5
           V     0.2500    0.2222    0.2353         9
           W     0.0000    0.0000    0.0000        10
           X     0.0000    0.0000    0.0000         7
           Y     0.0000    0.0000    0.0000         6
           Z     0.0000    0.0000    0.0000         0

   micro avg     0.3257    0.1901    0.2401      1431
   macro avg     0.1006    0.0766    0.0823      1431
weighted avg     0.2408    0.1901    0.2048      1431
